632 129
633 130
634 130
635 129
636 129
637 128
638 127
639 126
639 125
639 124
639 123
638 122
639 121
640 120
640 119
641 118
641 117
642 116
642 115
643 114
643 113
643 112
643 111
644 110
644 109
644 108
644 107
643 106
643 105
643 104
643 103
644 102
644 101
645 100
645 99
646 98
647 97
647 96
647 95
648 94
648 93
648 92
648 91
649 90
649 89
649 88
650 87
650 86
651 85
651 84
652 83
653 83
654 83
655 83
656 83
657 83
658 83
658 84
657 85
657 86
656 87
656 88
656 89
656 90
656 91
656 92
657 93
658 94
659 93
660 93
661 92
662 91
662 90
662 89
662 88
662 87
662 86
663 85
663 84
663 83
663 82
663 81
663 80
663 79
663 78
663 77
663 76
664 75
665 74
666 73
667 72
668 71
669 70
669 69
670 70
671 71
671 72
671 73
671 74
670 75
670 76
670 77
670 78
669 79
669 80
669 81
669 82
669 83
668 84
668 85
667 86
666 87
666 88
666 89
666 90
665 91
664 92
664 93
664 94
663 95
663 96
663 97
663 98
662 99
661 100
661 101
660 102
660 103
660 104
660 105
659 106
659 107
659 108
659 109
660 110
660 111
660 112
659 113
659 114
659 115
658 116
657 117
656 118
656 119
656 120
655 121
656 122
656 123
656 124
656 125
656 126
656 127
656 128
656 129
657 130
657 131
657 132
657 133
657 134
656 133
655 133
654 133
655 132
655 131
655 130
655 129
654 128
653 127
653 126
652 125
651 124
650 123
649 122
648 121
647 121
646 122
645 123
644 124
644 125
643 126
642 127
642 128
642 129
642 130
642 131
642 132
642 133
642 134
642 135
642 136
641 137
641 138
640 139
639 140
638 141
638 142
639 143
640 144
640 145
640 146
639 146
638 146
637 146
636 146
635 146
634 146
633 146
633 145
633 144
633 143
633 142
633 141
633 140
633 139
633 138
633 137
633 136
633 135
633 134
633 133
633 132
633 131
632 130
