607 473
608 472
608 471
609 470
609 469
610 468
611 467
611 466
611 465
611 464
612 463
612 462
612 461
612 460
613 459
613 458
613 457
613 456
613 455
614 455
615 454
616 453
616 452
616 451
615 450
616 449
617 448
618 447
618 446
619 445
619 444
619 443
619 442
620 441
620 440
620 439
620 438
621 437
622 437
623 436
624 435
624 434
623 433
622 432
621 431
620 432
620 431
620 430
620 429
620 428
620 427
620 428
621 429
622 430
623 429
624 428
624 427
624 426
625 426
626 427
627 427
628 426
629 425
630 425
631 426
632 427
633 428
634 427
635 428
636 429
636 430
635 431
634 432
633 433
632 432
631 432
630 433
629 434
628 435
627 436
627 437
626 438
627 439
627 440
627 441
626 442
626 443
626 444
625 445
625 446
626 447
627 448
628 447
629 446
630 445
630 444
631 443
631 442
631 443
632 444
632 445
633 446
634 447
634 448
635 449
636 450
637 451
638 451
639 450
640 449
640 448
640 447
640 446
641 445
642 444
643 444
643 445
643 446
643 447
644 448
645 449
646 450
646 451
647 452
647 453
647 454
646 455
646 456
645 457
645 456
645 455
645 454
645 453
644 452
643 451
642 451
641 452
640 453
640 454
640 455
640 456
640 457
639 457
638 458
637 458
636 457
635 456
634 457
633 458
633 459
632 460
631 461
631 462
630 463
630 464
629 465
628 466
627 467
627 468
627 469
626 470
626 471
626 472
625 473
625 474
625 475
625 476
624 477
624 478
623 479
623 480
623 481
622 482
622 483
622 484
621 485
621 486
621 487
621 488
621 489
620 490
619 491
619 492
619 493
619 494
618 495
617 496
617 497
617 498
616 499
616 500
616 501
615 502
614 502
614 501
614 500
614 499
614 498
614 497
614 496
614 495
613 494
614 493
614 492
614 491
614 490
614 489
613 488
612 487
611 486
610 486
609 486
608 485
607 484
607 483
607 482
607 481
607 480
607 479
607 478
607 477
607 476
607 475
607 474
