344 512
345 511
345 510
345 509
346 510
347 510
348 509
349 508
350 507
351 506
352 505
353 504
353 503
354 503
355 503
356 503
357 502
358 501
358 500
359 499
360 500
361 500
362 499
363 499
364 498
365 497
366 496
367 495
368 494
369 493
370 492
371 491
372 490
373 489
373 488
374 488
375 487
376 487
377 486
378 485
379 484
379 483
379 482
380 482
381 482
382 481
383 481
384 480
385 480
386 479
387 478
388 477
389 476
390 475
391 474
392 474
392 475
393 476
394 477
394 478
395 479
394 480
393 481
392 482
391 483
391 484
392 485
392 486
391 486
390 487
389 487
388 487
387 488
386 489
385 490
385 491
386 492
386 493
386 494
386 495
387 496
388 497
387 498
387 499
386 500
385 501
385 502
384 503
383 504
382 503
381 504
381 505
380 506
379 506
378 507
377 508
376 509
375 510
374 510
373 511
372 511
371 512
370 513
369 514
368 514
367 514
366 514
365 514
364 515
363 516
362 517
361 518
360 519
359 520
358 521
357 522
356 522
355 521
354 521
354 520
354 519
353 518
354 517
354 516
354 515
353 514
352 514
351 514
350 515
349 516
349 517
348 518
347 517
347 516
346 515
345 514
345 513
