331 604
332 604
333 604
333 605
333 606
333 607
333 608
333 609
333 610
333 611
333 612
333 613
333 614
333 615
333 616
334 617
335 618
336 619
336 620
336 621
336 622
337 623
338 624
338 625
339 626
340 627
341 627
342 627
343 628
344 628
345 628
346 627
347 626
348 625
347 624
347 623
346 622
345 621
344 620
344 619
344 618
344 617
344 616
344 615
344 614
344 613
344 612
344 611
343 610
343 609
344 608
345 607
346 606
346 605
347 605
348 605
349 604
350 604
351 603
352 602
352 603
352 604
352 605
351 605
350 606
349 607
349 608
349 609
349 610
349 611
349 612
349 613
349 614
348 615
349 616
349 617
349 618
350 619
350 620
351 621
352 622
353 623
354 623
355 622
356 622
357 622
358 622
359 621
360 621
361 620
362 620
363 619
364 619
365 619
366 618
367 617
368 617
369 617
370 617
371 617
372 616
373 615
374 616
375 616
376 615
377 615
378 615
379 615
380 614
381 613
381 612
382 612
383 611
384 610
385 610
386 610
387 610
388 610
389 609
390 609
391 609
392 610
393 611
393 612
392 613
391 613
390 614
389 615
388 616
387 616
386 616
385 616
384 617
383 617
382 618
381 618
380 618
379 619
378 620
377 620
376 621
375 621
374 621
373 620
372 621
371 622
370 622
369 622
368 622
367 622
366 623
365 623
364 623
363 624
362 624
361 624
360 625
359 625
358 626
357 627
356 628
356 629
357 630
358 631
359 632
360 632
361 633
362 633
363 634
364 634
365 634
366 634
367 634
368 634
369 634
370 634
371 635
372 635
373 635
374 636
375 636
376 636
377 637
377 638
376 639
376 640
376 641
375 642
375 643
375 644
374 643
373 642
372 641
371 641
370 641
369 640
368 640
367 640
366 640
365 640
364 639
363 638
362 638
361 638
360 638
359 637
358 637
357 637
356 636
355 636
354 636
353 636
352 636
351 635
350 634
349 634
348 634
347 633
346 632
345 631
344 631
343 631
342 631
341 631
340 630
339 629
338 629
337 628
336 627
335 627
335 626
335 625
334 624
334 623
333 622
333 621
333 620
332 619
332 618
332 617
332 616
332 615
331 614
331 613
331 612
331 611
331 610
331 609
331 608
331 607
331 606
331 605
