312 492
313 492
314 492
315 491
316 491
317 492
318 492
319 493
320 493
321 493
322 493
323 494
324 495
325 495
326 494
327 494
328 493
329 493
329 494
329 495
330 496
331 497
332 497
333 496
334 495
335 494
336 493
337 492
337 491
338 490
338 489
338 488
338 487
338 486
337 485
336 484
335 483
334 483
333 484
332 485
331 484
330 484
329 484
329 483
329 482
329 481
329 480
330 479
331 479
332 479
333 480
334 479
335 478
336 477
337 477
338 476
338 475
339 474
340 473
340 472
340 471
341 470
342 469
343 470
344 471
344 472
343 473
343 474
343 475
343 476
343 477
343 478
342 479
342 480
342 481
342 482
343 483
344 483
345 482
346 481
347 480
348 480
349 481
350 482
351 481
352 481
353 480
354 479
355 478
356 477
357 476
357 475
358 475
359 475
360 474
360 473
360 472
360 471
360 470
361 469
362 469
363 469
364 468
364 467
364 466
364 465
364 464
364 463
364 462
364 461
364 460
365 459
366 458
367 459
368 458
369 457
369 456
370 456
371 456
372 456
373 456
374 457
374 458
373 459
372 460
372 461
371 462
371 463
370 464
370 465
369 466
368 467
367 468
367 469
366 470
366 471
365 472
364 473
364 474
364 475
363 476
362 477
362 478
362 479
362 480
361 481
360 482
359 483
358 484
357 485
356 486
355 487
355 488
354 489
354 490
354 491
354 492
354 493
354 494
353 495
353 496
352 497
351 498
350 499
349 500
348 501
348 502
347 502
347 501
346 500
345 499
345 498
345 497
345 496
345 495
344 494
343 494
342 495
341 495
340 495
339 496
340 497
340 498
339 499
339 500
339 501
338 502
337 502
336 502
335 503
334 504
333 503
332 503
331 503
330 503
329 503
328 503
327 503
326 503
325 503
324 502
323 502
322 501
321 500
320 499
319 498
318 498
317 498
316 497
315 497
314 496
313 496
312 495
312 494
312 493
