326 513
327 513
328 513
329 513
330 513
331 513
332 512
333 511
333 510
334 509
335 508
335 507
335 506
335 505
335 504
336 503
337 503
338 503
339 502
340 502
341 501
342 500
343 499
343 498
344 498
344 499
345 500
346 501
346 502
347 503
347 504
346 505
345 506
344 507
344 508
344 509
343 510
343 511
343 512
344 513
344 514
345 515
346 516
346 517
346 518
346 519
345 520
345 521
344 522
343 523
343 524
343 525
344 526
345 527
346 527
347 527
348 527
349 528
350 529
351 528
351 527
351 526
351 525
351 524
351 523
352 522
352 521
352 520
353 520
353 521
354 522
355 522
356 523
357 523
358 522
359 522
360 523
361 524
362 525
362 526
362 527
362 528
363 529
364 530
363 531
363 532
362 533
362 534
362 535
362 536
362 537
363 538
364 539
363 540
362 541
362 542
363 543
362 544
361 545
360 546
359 547
360 548
360 549
361 550
362 551
363 551
364 552
364 553
364 554
364 555
364 556
364 557
365 558
366 559
367 558
368 559
368 560
368 561
369 562
370 563
370 564
370 565
369 565
368 565
367 564
366 563
365 562
364 561
363 560
363 559
362 558
362 557
361 556
360 555
359 555
359 554
358 553
357 552
356 551
355 550
354 549
353 548
352 547
352 546
352 545
351 544
350 543
349 542
348 542
347 542
346 543
345 544
344 545
344 546
343 546
342 547
341 548
341 549
340 550
339 551
338 552
337 551
336 551
335 552
334 553
333 552
332 551
331 550
332 549
332 548
332 547
332 546
332 547
332 548
333 549
334 550
335 549
336 548
336 547
336 546
337 545
337 544
338 544
339 544
340 545
341 544
342 543
342 542
342 541
342 540
342 539
342 538
342 537
341 536
341 535
340 534
339 533
338 532
337 531
336 532
335 532
334 531
335 530
335 529
335 528
334 527
333 526
332 525
332 524
331 523
331 522
330 521
329 520
328 520
327 519
327 518
327 517
326 516
326 515
326 514
