294 446
295 445
296 446
297 446
298 445
299 446
300 447
301 447
302 447
303 447
304 447
305 447
306 448
307 448
308 447
309 447
310 448
311 449
312 450
313 450
314 449
315 448
316 447
317 448
318 449
319 450
320 449
321 449
322 449
323 450
324 450
325 449
326 448
326 447
326 446
325 445
325 444
325 443
326 442
326 441
326 440
326 439
327 439
328 440
329 440
330 441
331 440
332 440
333 439
334 438
335 437
335 436
335 435
335 434
336 433
337 434
338 433
339 432
340 432
341 431
342 430
343 429
344 430
345 431
346 430
347 429
348 428
349 427
349 426
350 426
351 427
352 428
352 429
352 430
352 431
351 431
350 431
349 432
348 433
347 434
347 435
347 436
346 437
345 437
344 436
343 436
342 436
341 437
340 438
339 439
339 440
339 441
338 441
337 442
336 442
335 442
334 443
333 444
333 445
333 446
333 447
334 448
335 449
336 450
337 450
338 450
339 450
340 451
341 451
342 451
343 451
344 451
345 452
346 452
347 451
348 451
349 451
350 452
351 452
352 453
353 453
354 454
355 454
356 455
357 455
358 454
358 455
359 456
359 457
360 458
360 459
361 460
362 461
362 462
362 463
362 464
362 465
361 464
361 463
360 462
359 462
358 462
357 463
356 462
355 462
354 461
353 460
352 460
351 459
350 458
349 458
348 458
347 458
346 458
345 458
344 459
344 460
345 461
346 462
346 463
346 464
345 465
345 466
345 467
345 468
344 469
343 468
342 467
341 468
340 469
339 470
338 471
338 472
338 473
337 473
337 472
337 471
336 470
335 470
334 470
333 471
333 472
334 473
334 474
335 475
335 476
334 477
333 478
332 477
331 477
330 477
329 478
328 478
328 477
328 476
328 475
328 474
328 473
328 472
327 471
327 470
327 469
327 468
327 467
327 466
327 465
326 464
326 463
327 462
327 461
327 460
327 459
328 458
327 457
326 456
325 456
324 455
323 455
322 455
321 454
320 454
319 455
318 455
317 456
316 457
316 458
316 459
316 460
316 461
316 462
316 463
316 464
316 465
316 466
315 466
315 465
315 464
315 463
314 462
313 461
313 460
314 459
315 458
314 457
313 456
312 455
311 454
310 453
309 452
308 452
307 453
306 453
305 452
304 452
303 452
302 452
301 451
300 451
299 450
298 450
297 451
296 451
296 450
295 449
294 448
294 447
