299 615
300 614
301 613
302 612
303 612
304 612
304 613
305 614
306 615
306 616
307 617
308 618
309 619
310 620
311 621
312 621
313 621
314 622
315 623
316 624
317 625
318 625
319 626
320 627
321 628
322 628
323 628
323 629
323 630
324 631
325 632
326 632
327 633
328 634
329 635
330 636
331 636
332 637
333 637
334 636
335 637
336 638
337 639
338 639
339 640
340 641
341 641
342 641
343 641
343 642
344 643
345 644
346 645
347 645
348 646
349 646
350 647
351 648
352 649
353 649
354 649
354 650
354 651
354 652
355 653
355 654
354 655
353 656
352 657
352 658
351 659
351 660
352 661
353 662
354 662
355 662
356 662
357 663
358 663
359 664
360 665
361 666
362 666
363 667
363 668
364 669
363 670
363 671
362 670
361 670
360 670
360 669
359 668
358 667
357 667
356 666
355 666
354 665
353 664
352 663
351 663
350 662
349 661
348 661
347 661
346 660
345 659
344 658
343 658
342 658
341 657
340 656
339 656
338 655
337 655
336 654
335 653
334 652
333 652
332 652
331 651
330 651
329 650
328 650
327 650
326 650
325 649
324 648
323 649
322 648
321 648
320 647
319 647
318 646
317 645
316 645
315 644
314 643
313 643
312 642
311 642
310 641
309 640
308 640
308 639
307 638
307 637
306 636
305 635
306 634
306 633
306 632
307 631
308 631
309 631
310 631
311 631
312 630
312 629
311 628
310 627
309 626
308 626
307 625
306 624
305 623
305 622
305 621
304 620
303 619
302 619
301 618
300 618
299 617
299 616
