286 475
287 476
288 477
289 476
290 475
290 474
291 474
292 473
293 473
293 474
293 475
293 476
293 477
293 478
294 479
295 480
296 481
296 482
296 483
297 484
298 485
299 486
300 486
301 485
302 484
302 483
303 482
304 481
304 480
304 479
304 478
305 477
306 476
306 475
306 474
307 473
307 472
307 471
308 470
309 469
309 468
309 467
309 466
309 465
309 464
310 464
311 464
312 463
313 463
313 464
313 465
313 466
314 467
315 468
314 469
313 470
313 471
312 472
312 473
312 474
312 475
311 476
311 477
311 478
311 479
310 480
309 480
308 480
307 481
307 482
308 483
308 484
308 485
308 486
307 487
306 488
306 489
306 490
306 491
305 492
305 493
306 494
307 495
308 496
308 497
309 498
309 499
309 500
309 501
309 502
309 503
309 504
309 505
309 506
309 507
309 508
309 509
309 510
308 511
307 512
307 513
307 514
307 515
307 516
307 517
306 518
305 519
305 520
305 521
304 522
304 523
303 524
303 523
303 522
303 521
303 520
303 519
303 518
303 517
304 516
304 515
304 514
303 513
303 512
303 511
303 510
302 509
301 508
300 509
299 510
298 511
298 512
298 513
298 514
298 515
298 516
298 517
298 518
298 519
297 520
297 521
296 521
295 522
294 521
293 521
292 521
291 521
290 521
290 520
289 519
290 518
290 517
290 516
291 515
291 514
290 513
291 512
292 511
292 510
293 509
293 508
293 507
293 506
293 505
293 504
293 503
293 502
293 501
294 500
295 499
295 498
296 497
296 496
295 495
295 494
294 493
293 492
292 491
292 490
291 489
291 488
291 487
290 486
290 485
290 484
289 483
288 482
287 481
287 480
287 479
287 478
287 477
286 476
