183 518
184 517
185 517
186 516
187 515
188 514
189 513
190 512
191 511
192 510
193 509
194 509
195 509
196 509
197 509
198 508
199 507
200 506
201 505
202 505
203 505
204 504
205 503
205 502
206 501
207 500
208 499
209 499
210 499
211 498
212 497
212 496
213 495
214 494
214 493
214 492
214 491
214 490
214 489
214 488
214 487
214 486
214 485
214 484
214 483
214 482
215 481
215 480
215 479
215 478
215 477
216 477
217 476
218 475
219 475
220 475
221 474
222 473
223 473
224 473
225 474
226 475
226 476
226 477
226 478
225 479
224 480
224 481
224 482
224 483
224 484
223 484
222 485
221 486
221 487
222 488
222 489
223 490
224 491
225 491
226 490
227 491
227 492
227 493
227 494
227 495
227 496
227 497
227 498
227 499
227 500
228 501
228 502
228 503
227 504
227 505
226 506
226 507
226 508
225 509
224 510
224 511
223 512
222 513
222 512
222 511
221 510
220 509
219 510
218 511
218 512
218 513
217 514
217 515
217 516
217 517
216 518
216 519
216 520
216 521
216 522
216 523
216 524
216 525
217 526
218 527
219 528
220 529
221 530
220 530
219 530
218 530
217 530
216 531
215 532
215 533
214 534
213 535
213 536
212 537
212 538
211 538
210 538
210 537
210 536
210 535
210 534
210 533
210 532
210 531
210 530
210 529
210 528
210 527
211 526
211 525
211 524
212 523
212 522
212 521
212 520
212 519
212 518
212 517
213 516
213 515
213 514
213 513
213 512
213 511
213 510
212 509
211 508
210 507
209 508
208 509
207 509
206 509
205 509
204 510
203 510
202 510
201 510
200 511
199 512
198 513
198 514
197 515
196 516
195 517
194 517
193 518
192 518
191 518
190 518
189 519
188 520
187 521
186 522
185 523
184 522
184 521
183 520
183 519
