512 580
513 579
514 580
515 579
516 578
516 577
516 576
517 575
517 574
517 573
517 572
517 571
517 570
518 571
519 571
520 570
521 571
522 572
523 573
524 572
525 572
526 571
527 572
528 571
529 571
530 570
531 569
532 569
533 568
534 567
534 566
533 565
532 564
531 564
530 565
529 566
528 566
527 565
526 564
525 564
524 565
523 564
522 563
521 562
520 561
519 562
518 562
518 561
518 560
518 559
518 558
519 557
520 557
521 556
522 555
522 554
523 553
523 552
523 553
524 554
525 555
526 556
527 556
528 556
529 557
530 556
531 557
532 557
533 557
534 558
535 558
536 559
537 558
538 557
539 557
540 557
541 556
542 555
543 554
544 554
545 555
546 555
547 554
547 553
547 552
548 552
549 553
550 554
551 554
552 554
553 554
554 553
555 553
556 552
557 552
558 551
559 551
560 550
561 549
561 548
561 547
561 548
562 549
563 550
564 549
565 548
566 547
567 546
567 545
567 544
568 543
568 544
568 545
569 546
570 547
571 546
572 545
573 544
574 545
575 546
576 546
577 545
578 544
578 543
579 543
580 544
581 544
582 543
583 543
584 544
584 545
584 546
585 547
586 548
586 549
586 550
585 550
584 551
583 551
582 551
581 551
580 551
579 551
578 552
577 552
576 552
575 553
574 553
573 554
572 555
571 556
571 557
571 558
572 559
572 560
573 561
573 562
573 563
573 564
573 565
573 566
573 567
573 568
572 567
571 567
570 566
569 565
568 566
567 567
566 567
565 567
564 568
563 568
562 568
561 568
560 568
559 569
558 569
557 569
556 569
555 570
554 570
553 570
552 570
551 571
550 572
549 571
548 572
547 572
546 572
545 571
544 571
543 572
542 572
541 573
540 573
539 573
538 573
537 573
536 574
535 574
534 575
533 576
532 576
531 576
530 576
529 577
528 577
527 577
526 578
525 579
524 578
523 579
522 579
521 580
520 581
519 582
519 583
518 584
517 583
516 584
515 585
515 586
514 587
514 588
514 589
513 589
512 588
512 587
512 586
512 585
512 584
512 583
512 582
512 581
