183 710
184 709
184 708
184 707
185 707
186 707
187 708
188 707
189 706
189 705
190 705
191 705
192 704
193 704
194 704
195 705
196 705
197 705
198 704
199 703
199 702
199 701
199 700
200 700
201 700
202 699
202 698
202 697
203 697
203 698
203 699
203 700
203 701
204 702
204 703
204 704
205 705
205 706
206 707
207 708
208 709
209 710
210 711
211 711
212 711
213 712
212 713
211 713
210 713
209 713
208 713
207 713
206 713
205 713
204 713
203 713
202 713
201 713
200 713
199 713
198 713
197 713
196 713
195 713
194 713
193 713
192 713
191 713
190 713
189 713
188 713
187 713
186 713
185 713
184 713
183 712
183 711
