170 414
171 413
172 412
172 411
173 410
173 409
173 408
174 408
175 407
176 406
176 405
176 404
176 403
176 402
176 401
176 400
176 399
176 398
176 397
177 396
177 395
178 394
178 393
179 392
179 391
179 390
180 389
181 388
181 387
182 386
183 385
183 384
184 383
184 382
184 381
183 380
182 379
181 378
180 378
179 378
178 378
177 377
176 376
177 375
176 374
176 373
176 372
177 371
177 370
178 370
179 370
180 370
181 369
182 368
183 368
184 368
185 369
186 368
187 367
187 366
187 365
187 364
187 363
188 362
189 361
190 360
190 359
191 358
192 357
193 357
194 356
195 355
195 354
196 353
197 353
198 353
199 354
200 354
200 355
200 356
200 357
200 358
201 359
201 360
202 361
202 362
202 363
201 362
200 362
199 361
198 362
197 363
197 364
196 364
195 365
194 366
194 367
194 368
194 369
194 370
195 371
196 372
197 373
198 373
199 372
200 372
201 372
202 372
203 372
204 372
205 372
206 372
207 372
208 373
209 373
210 373
211 373
212 373
213 373
214 373
215 372
216 371
217 370
218 369
217 368
217 367
217 366
218 367
219 367
220 366
221 365
222 364
223 363
224 363
225 364
226 363
227 362
228 362
229 363
229 364
230 365
231 366
232 367
232 368
231 369
231 368
230 367
229 366
228 367
227 368
227 369
227 370
227 371
226 372
225 373
224 374
223 374
222 374
221 375
220 376
219 376
218 376
217 377
216 377
215 378
214 378
213 378
212 378
211 378
210 378
209 378
208 378
207 378
206 378
205 378
204 378
203 379
202 379
201 379
200 379
199 378
198 379
197 379
196 378
195 378
194 378
193 378
192 379
191 380
190 381
189 382
189 383
189 384
188 385
187 386
187 387
186 388
185 389
185 390
185 391
184 392
184 393
184 394
183 395
183 396
183 397
183 398
182 399
182 400
182 401
181 402
180 403
179 404
179 405
178 406
178 407
177 407
176 408
175 409
175 410
175 411
175 412
175 413
175 414
175 415
175 416
175 417
174 417
173 417
172 417
171 416
170 415
