127 362
128 361
129 361
130 360
129 359
129 358
129 357
130 358
131 358
132 358
133 357
134 356
135 355
134 354
134 353
135 352
136 351
137 352
138 352
139 352
140 352
141 352
142 352
143 352
144 352
145 352
146 353
147 353
148 353
149 353
150 353
151 353
152 354
153 354
154 353
155 352
155 351
155 350
155 349
156 348
156 347
156 346
157 346
158 346
159 347
160 346
161 345
162 344
162 343
163 342
163 341
163 340
164 340
165 340
166 339
167 340
167 341
168 342
168 343
168 344
168 345
167 346
167 347
167 348
166 349
166 350
165 351
165 352
165 353
165 354
165 355
165 356
165 357
164 358
164 359
164 360
165 361
166 362
167 362
168 361
169 361
170 360
171 360
172 359
173 358
174 357
175 356
176 356
177 355
178 355
179 355
180 354
181 353
182 352
183 351
184 351
185 351
186 350
187 349
188 349
189 349
190 348
191 349
191 350
191 351
191 352
190 353
189 354
189 355
188 356
187 356
186 356
185 357
185 358
184 359
183 358
182 359
181 360
180 360
179 361
178 362
177 362
176 363
175 363
174 364
173 365
172 366
171 367
170 368
171 369
172 370
173 370
174 370
175 370
176 371
175 372
175 373
175 374
176 375
175 376
175 377
174 378
173 378
172 378
171 378
170 377
169 377
168 377
167 377
166 377
165 377
164 377
164 376
164 375
164 374
163 373
162 372
161 372
160 373
159 374
159 375
159 376
159 377
159 378
158 379
158 380
158 381
158 382
158 383
158 384
157 385
157 386
156 387
155 388
154 389
154 390
154 391
154 392
153 393
153 394
152 395
152 396
151 397
150 398
149 399
148 400
147 401
146 402
145 402
144 402
143 401
142 400
142 399
142 398
142 397
143 396
144 395
145 394
145 393
146 393
147 392
148 391
149 390
150 389
151 388
151 387
152 386
152 385
151 384
151 383
151 382
151 381
152 380
153 379
154 378
154 377
154 376
153 375
152 374
152 373
151 372
150 371
149 371
148 370
147 370
146 370
145 371
144 371
143 371
142 370
141 370
140 370
139 370
138 370
137 370
136 370
135 369
134 369
133 370
132 369
131 369
130 368
129 368
128 368
127 367
127 366
127 365
127 364
127 363
