109 590
110 590
111 589
112 588
113 587
114 586
115 585
115 584
114 583
114 582
114 581
115 580
115 579
115 578
115 577
115 578
115 579
116 580
117 581
117 582
118 583
119 584
120 584
121 583
122 583
123 582
124 582
125 582
126 582
127 583
128 582
129 582
130 582
131 581
132 580
133 580
134 580
135 580
136 579
137 579
138 579
139 578
140 577
140 576
141 575
142 575
143 575
144 574
145 574
146 574
147 575
148 574
149 574
150 573
151 572
152 572
153 571
154 571
155 571
156 571
157 571
158 570
159 570
160 569
161 569
162 569
163 568
164 568
165 567
166 568
167 569
167 570
168 571
168 572
168 573
168 574
169 575
170 576
171 576
172 575
173 574
174 573
175 573
176 574
177 575
178 574
179 573
180 573
181 573
182 573
183 572
184 571
185 572
186 572
186 573
186 574
186 575
187 576
186 576
185 576
184 577
183 577
182 578
181 579
180 579
179 579
178 579
177 579
176 579
175 580
174 580
173 580
172 581
171 582
170 582
169 582
168 583
167 583
166 584
165 584
164 584
163 584
162 584
161 585
160 585
159 586
158 586
157 587
156 587
155 587
154 587
153 588
152 588
151 589
150 589
149 590
148 591
147 592
146 592
145 593
144 593
143 593
142 594
141 595
140 595
139 595
138 595
137 596
136 597
135 597
134 597
133 597
132 598
131 598
130 598
129 598
128 598
127 599
126 599
125 598
124 598
123 599
122 599
121 598
121 597
120 596
119 595
118 594
118 593
117 592
116 591
115 591
114 592
113 593
112 593
112 592
111 591
110 590
109 591
