97 376
98 377
99 377
100 376
101 375
101 374
101 373
101 372
101 371
101 370
102 369
103 369
104 370
105 371
106 370
107 369
107 368
107 367
108 366
108 365
108 364
109 363
110 362
110 361
111 360
112 359
112 358
113 357
112 356
111 355
111 354
110 353
110 352
109 351
108 350
107 350
106 349
105 348
104 347
104 346
103 345
102 344
102 343
102 342
101 341
101 340
101 339
100 338
100 337
100 336
101 335
102 335
103 335
104 336
105 336
106 336
107 336
108 336
108 337
109 338
110 339
109 340
109 341
109 342
109 343
110 344
111 345
112 345
113 345
114 345
115 344
116 343
116 342
116 341
116 340
116 339
116 338
117 337
117 336
117 335
117 334
117 333
117 332
117 331
117 330
117 329
118 329
119 329
120 328
121 327
121 326
121 325
121 324
122 325
123 326
123 327
123 328
123 329
124 330
124 331
124 332
125 333
125 334
125 335
125 336
125 337
126 338
127 339
128 338
129 339
130 339
131 340
132 341
133 341
134 342
135 341
136 341
137 341
138 341
139 340
140 339
141 340
142 339
143 338
144 338
145 337
146 337
147 338
147 339
147 340
147 341
147 342
148 343
148 344
148 345
147 345
146 346
145 346
144 346
143 347
142 347
142 346
142 345
142 344
141 343
141 342
140 341
139 342
139 343
139 344
139 345
139 346
139 347
138 348
137 348
136 348
135 347
134 347
133 348
133 349
134 350
134 351
134 352
133 353
133 354
134 355
133 356
132 356
131 356
130 356
129 355
130 354
130 353
129 352
128 352
127 351
126 351
125 352
124 353
124 354
125 355
126 355
127 356
127 357
127 358
126 358
125 359
124 360
123 359
122 360
121 361
121 362
120 363
120 364
121 365
121 366
121 367
121 368
120 369
120 370
120 371
120 372
120 373
120 374
120 375
120 376
120 377
120 378
120 379
120 380
120 381
120 382
120 383
120 384
120 385
120 386
120 387
120 388
120 389
120 390
120 391
119 392
120 393
119 393
118 393
118 392
118 391
117 390
117 389
117 388
117 387
117 386
117 385
117 384
118 383
118 382
117 381
116 380
116 379
117 378
117 377
117 376
116 375
116 374
116 373
116 372
117 371
117 370
118 369
118 368
118 367
118 366
117 365
116 364
115 364
114 364
113 365
112 366
112 367
111 368
110 369
110 370
109 371
108 371
107 372
106 373
106 374
105 375
105 376
105 377
104 376
103 376
102 377
101 378
100 379
99 380
98 379
97 378
97 377
