79 648
80 647
80 646
80 645
80 644
80 643
81 642
81 641
81 640
81 639
81 638
82 637
82 636
83 635
83 634
83 633
84 632
84 631
85 630
85 629
86 628
86 627
87 626
87 625
87 624
87 623
87 622
87 621
87 620
88 619
89 618
89 617
90 616
90 615
90 614
90 613
90 612
90 611
90 610
90 609
90 608
90 607
89 606
89 605
89 604
88 603
88 602
88 601
87 600
87 599
86 598
86 597
86 596
86 595
86 594
86 593
86 592
86 591
86 590
86 589
86 588
86 587
86 586
86 585
87 584
87 583
87 582
87 581
87 580
87 579
87 578
88 577
88 576
89 576
90 576
91 577
92 576
92 577
92 578
93 579
93 580
93 581
93 582
92 583
92 584
91 585
91 586
91 587
91 588
91 589
91 590
91 591
90 592
91 593
92 594
93 595
94 594
95 593
95 592
96 591
96 590
97 589
97 588
97 587
98 587
99 587
100 587
101 587
102 587
103 587
104 587
104 588
105 589
104 590
104 591
105 592
106 593
107 593
108 592
109 593
110 592
110 593
111 594
112 595
111 596
110 597
109 598
108 599
107 599
106 598
105 597
104 596
103 596
102 597
101 598
100 599
99 600
98 601
98 602
99 603
100 604
101 605
102 605
103 606
104 606
105 607
106 608
107 608
108 609
109 610
110 610
111 610
111 611
112 612
113 613
114 613
115 614
116 615
117 615
118 616
119 617
120 618
121 619
122 620
122 621
122 622
121 623
120 624
119 624
118 624
117 623
116 623
115 623
114 622
113 622
113 621
112 620
111 619
110 619
109 618
108 617
107 617
106 617
105 617
104 617
103 617
103 616
102 615
101 614
100 613
99 613
98 614
97 615
96 616
96 617
95 618
94 619
93 620
93 621
93 622
93 623
92 624
91 625
91 626
91 627
90 628
90 629
89 630
89 631
89 632
88 633
88 634
88 635
88 636
87 637
87 638
87 639
87 640
86 641
86 642
85 643
85 644
85 645
85 646
84 647
83 648
83 649
82 650
82 651
81 651
80 651
80 650
80 649
