1 50
1 51
1 52
2 53
2 54
3 55
3 56
4 57
4 58
4 59
5 60
6 61
7 60
8 59
9 59
10 58
11 57
12 56
13 55
14 54
15 53
15 54
15 55
15 56
15 57
15 58
15 59
15 60
15 61
15 62
16 63
16 64
15 64
14 65
13 66
13 67
13 68
13 69
14 70
14 71
15 72
16 73
17 73
18 72
19 71
20 71
21 70
22 69
23 68
24 67
25 67
26 66
27 66
28 65
29 64
30 63
31 62
31 61
31 60
32 60
33 61
34 60
35 60
36 59
37 58
38 57
38 56
39 55
40 54
41 54
42 55
43 55
44 55
45 55
46 56
46 57
46 58
45 59
45 60
44 61
43 61
42 61
41 62
40 62
39 63
38 63
37 64
36 65
36 66
35 67
34 67
33 68
32 68
31 69
30 70
29 70
28 71
27 72
27 73
26 73
25 74
24 74
23 75
22 75
21 76
20 77
19 77
18 78
17 78
16 79
15 78
14 78
13 79
12 80
11 80
10 80
9 81
8 81
7 81
6 82
5 82
4 83
3 83
2 83
1 82
1 81
1 80
1 79
1 78
1 77
2 77
3 77
4 76
4 75
4 74
4 73
3 72
3 71
3 70
2 69
2 68
2 67
2 66
1 65
1 64
1 63
1 62
1 61
1 60
1 59
1 58
1 57
1 56
1 55
1 54
1 53
1 52
1 51
