1 229
1 230
2 231
3 232
4 231
5 230
6 230
7 230
8 230
9 230
10 231
11 230
12 229
13 228
14 229
15 230
16 230
17 229
18 228
19 227
19 226
20 226
21 226
22 226
23 225
24 224
24 223
24 222
25 221
26 220
26 219
27 219
28 218
29 218
30 217
31 216
31 215
31 214
32 213
33 212
33 211
34 210
34 209
34 208
34 207
34 206
35 206
36 207
37 207
38 207
37 208
37 209
37 210
36 211
35 212
35 213
34 214
34 215
34 216
34 217
33 218
33 219
33 220
32 221
32 222
32 223
31 224
31 225
31 226
31 227
30 228
29 229
28 230
28 231
27 232
26 233
25 234
24 235
24 236
24 237
24 238
25 239
26 240
27 239
28 239
28 240
29 241
30 242
31 242
32 243
33 244
33 245
34 246
34 247
35 248
36 249
37 249
38 250
39 251
39 252
40 253
41 254
42 255
42 256
43 257
44 258
45 259
45 260
45 261
44 262
43 263
42 264
42 265
41 265
40 264
39 263
38 262
37 262
36 261
36 260
35 259
34 258
34 257
34 256
33 255
32 254
31 255
30 255
29 254
28 253
27 252
26 253
26 254
25 255
26 256
27 257
27 258
28 259
29 260
30 260
30 261
30 262
31 263
32 264
32 265
32 266
33 267
33 268
34 269
34 270
34 271
35 272
36 273
37 273
37 274
37 275
38 276
39 277
40 278
40 279
40 280
41 281
41 282
41 283
41 284
40 285
39 285
38 285
37 285
36 284
36 283
35 282
34 281
34 280
34 279
33 278
32 277
31 276
30 275
30 274
29 273
28 272
27 271
26 270
26 269
25 268
25 267
24 266
23 265
23 264
22 263
21 262
20 261
19 261
18 260
17 259
16 258
15 258
14 257
13 256
12 255
11 256
10 256
9 256
8 256
7 256
6 257
5 258
4 259
3 260
2 261
2 262
2 263
2 264
1 265
1 266
1 265
1 264
1 263
1 262
1 261
1 260
1 259
1 258
1 257
1 256
1 255
1 254
1 253
1 252
1 251
1 250
1 249
1 248
1 247
1 246
1 245
1 244
1 243
1 242
1 241
1 240
1 239
1 238
1 237
1 236
1 235
1 234
1 233
1 232
1 231
1 230
