464 375
465 374
465 373
466 373
467 372
468 372
469 373
470 373
471 374
471 375
471 376
472 377
473 378
474 379
475 378
476 378
477 378
478 377
479 376
479 375
480 374
481 373
481 372
482 373
483 373
484 374
485 373
486 373
486 374
487 375
488 376
489 376
490 376
491 376
492 376
493 376
494 377
495 378
496 378
497 379
498 379
499 379
500 380
501 381
502 381
503 381
504 382
505 383
506 383
507 382
508 382
508 383
508 384
508 385
509 386
510 387
511 387
512 387
513 388
514 388
515 389
516 390
517 390
518 391
519 391
520 390
520 391
521 392
522 393
523 394
524 394
525 394
526 395
527 395
528 395
529 394
530 395
531 396
532 397
533 397
534 397
535 397
536 398
537 399
538 398
538 399
539 400
540 401
541 401
542 402
543 403
544 404
544 405
543 406
542 406
541 406
540 406
540 405
539 404
538 403
537 404
536 404
535 404
534 403
533 403
532 402
531 402
530 403
529 402
528 401
527 400
526 399
525 400
524 401
523 402
523 403
524 404
524 405
524 406
524 407
523 408
522 409
521 409
520 409
519 408
518 408
517 408
516 407
515 407
514 407
513 406
512 406
511 406
510 405
509 404
508 403
507 402
506 402
505 402
504 401
503 401
502 400
501 400
500 400
499 399
498 399
497 398
496 397
495 396
494 395
493 395
492 395
491 395
490 394
489 394
488 393
487 392
486 392
485 391
484 391
483 390
482 390
481 390
480 389
479 388
478 388
477 387
476 387
475 387
474 387
473 386
473 385
472 384
471 383
471 382
470 381
469 380
468 379
467 378
466 379
465 380
465 379
464 378
464 377
464 376
