446 534
447 533
448 532
449 531
449 530
450 530
451 530
451 531
452 532
453 533
454 534
455 534
456 534
457 533
458 532
458 531
458 530
457 529
456 528
455 527
455 526
455 525
455 524
454 523
454 522
455 521
455 520
455 519
454 518
454 517
454 516
453 515
453 514
454 513
454 512
454 511
454 510
453 509
453 508
453 507
453 506
454 506
455 505
456 504
456 503
456 502
456 501
456 500
457 501
458 501
459 501
460 500
461 499
462 498
462 497
463 496
463 495
463 494
463 493
463 492
463 491
463 490
463 489
463 488
463 487
464 486
465 485
465 484
466 484
467 484
468 485
469 484
469 485
469 486
469 487
469 488
469 489
469 490
469 491
469 492
468 493
468 494
468 495
469 496
469 497
469 498
469 499
469 500
469 501
469 502
469 503
469 504
470 505
470 506
470 507
470 508
470 509
470 510
470 511
470 512
470 513
470 514
470 515
470 516
470 517
470 518
470 519
471 520
472 521
473 522
474 523
474 524
474 525
475 526
475 527
475 528
476 529
477 530
478 530
479 531
479 532
478 533
477 533
476 533
475 534
474 535
474 536
474 537
474 538
475 539
474 540
474 541
475 542
475 543
475 544
476 545
476 546
476 547
476 548
476 549
475 550
474 549
473 549
472 549
471 550
470 550
469 549
468 549
469 548
469 547
469 546
468 545
467 544
466 543
465 543
464 544
463 545
462 546
461 547
461 548
460 549
460 550
459 551
458 552
457 553
457 554
456 555
455 555
454 555
453 556
452 557
452 558
451 559
451 560
451 561
450 562
449 562
448 562
447 561
447 560
446 559
446 558
447 557
447 556
447 555
448 554
448 553
449 553
450 552
451 552
452 551
453 550
454 549
455 548
456 547
456 546
455 545
455 544
454 543
453 542
452 541
451 540
450 539
449 538
448 537
447 536
446 535
