404 97
405 96
406 95
407 94
408 93
409 93
410 92
411 92
412 92
413 92
414 93
415 93
416 92
417 92
418 91
419 91
420 91
421 90
422 90
423 90
424 90
425 90
426 90
427 90
428 90
429 90
430 90
431 90
432 90
433 91
434 91
435 92
436 92
437 92
438 91
439 91
440 91
441 91
442 92
443 92
444 91
445 90
446 90
447 89
448 88
449 87
450 88
451 89
451 90
451 91
452 92
453 93
454 94
455 95
456 95
457 95
458 96
459 97
460 97
461 98
461 99
462 100
462 101
462 102
463 103
464 104
465 105
466 106
467 107
468 108
467 109
466 109
465 110
464 111
463 111
463 110
463 109
463 108
462 107
461 106
460 105
459 104
458 105
457 104
457 103
457 102
456 101
455 100
454 100
453 100
452 99
451 98
450 97
449 97
448 96
447 97
446 98
445 99
446 100
447 101
447 102
448 103
448 104
449 105
450 106
451 106
451 107
451 108
451 109
451 110
451 111
451 112
450 112
449 113
448 114
447 114
446 114
445 114
445 113
444 112
443 111
443 110
442 109
441 108
440 107
439 107
438 106
437 106
436 107
435 107
434 107
433 107
432 107
431 107
430 106
429 106
428 106
427 106
426 106
425 107
424 107
423 107
422 107
421 107
420 107
419 107
418 108
417 108
416 108
415 109
414 109
413 108
412 108
411 108
410 108
409 108
408 107
408 106
409 105
410 104
411 103
411 102
410 101
409 100
408 100
407 100
406 99
405 98
