406 500
407 499
408 498
408 497
409 497
410 497
411 497
412 498
413 497
414 496
414 495
414 494
414 493
413 492
413 491
413 490
414 489
414 488
415 489
416 489
417 489
418 489
419 490
420 490
421 490
422 491
423 492
423 493
424 494
424 495
425 496
426 497
427 498
427 499
428 500
429 501
430 502
431 503
431 504
432 505
433 506
434 507
434 508
434 509
435 510
436 511
436 512
437 513
437 514
438 515
439 516
440 517
440 518
441 519
442 520
443 521
444 522
445 523
445 524
446 525
447 526
448 527
448 528
449 529
448 530
448 531
447 532
446 533
445 534
445 535
445 534
444 533
443 532
442 532
441 533
440 534
439 535
438 536
437 537
436 538
435 539
435 540
435 541
434 542
434 543
433 543
432 543
431 543
430 543
429 542
428 542
427 541
426 540
425 540
424 540
423 540
422 541
421 541
420 541
419 540
419 539
420 538
420 537
419 536
418 535
419 534
419 533
420 532
421 533
422 534
423 535
424 536
425 536
426 536
427 536
428 536
429 536
430 536
431 536
432 535
431 534
431 533
430 532
430 531
429 530
428 529
427 528
426 527
426 526
425 525
424 524
424 523
423 522
422 522
422 521
421 520
420 519
419 519
419 518
419 517
419 516
419 515
419 514
418 513
417 512
416 512
415 511
414 510
414 509
413 508
412 508
411 507
410 506
409 506
409 505
408 504
407 504
407 503
407 502
406 501
