390 319
391 318
392 317
392 316
392 315
393 316
394 316
395 316
396 315
397 315
398 314
399 313
400 312
400 311
401 312
402 313
403 312
404 311
405 310
406 309
407 308
407 307
407 306
407 305
407 304
408 304
409 305
410 305
411 304
412 303
412 302
412 301
412 300
413 299
413 298
413 297
413 296
413 295
413 294
413 293
414 292
414 291
414 290
414 289
414 288
414 287
414 286
414 285
414 284
414 283
415 283
416 282
417 281
417 280
417 279
417 278
417 277
417 276
418 275
418 274
419 273
420 273
421 272
422 271
423 270
424 271
425 271
426 271
427 272
428 271
429 270
430 269
430 268
431 267
432 266
432 265
432 264
432 263
432 262
432 261
432 260
432 259
433 258
434 257
435 258
436 257
437 257
438 258
439 258
440 258
440 259
440 260
439 261
439 262
438 263
438 264
438 265
438 266
438 267
438 268
437 269
437 270
437 271
436 272
435 273
434 274
434 275
434 276
434 277
434 278
433 279
433 280
432 281
432 282
431 283
431 284
431 285
431 286
431 287
430 288
430 289
430 290
430 291
430 292
429 293
429 294
428 295
429 296
430 297
430 298
430 299
429 300
429 301
428 302
428 303
428 304
427 305
427 306
426 307
425 308
425 309
425 310
425 311
425 312
424 313
424 314
424 315
424 316
423 317
422 318
422 319
422 320
422 321
422 322
421 321
420 321
419 321
418 321
417 320
417 319
417 318
417 317
417 316
417 315
416 314
415 313
414 313
413 313
412 314
411 315
410 315
409 315
408 316
407 316
406 316
405 316
404 317
403 318
402 319
401 319
400 318
399 317
398 318
397 319
397 320
396 320
395 320
394 319
393 319
392 320
391 320
390 320
