354 247
355 246
356 246
357 246
358 246
359 246
360 246
361 245
362 245
363 245
364 245
365 245
366 245
367 245
368 245
369 244
370 245
371 245
372 245
373 244
374 244
375 244
376 244
377 243
378 242
379 241
378 240
377 239
376 238
375 238
374 238
373 237
372 237
371 237
370 237
369 238
368 238
367 237
366 237
365 236
364 235
363 234
363 233
363 232
363 231
363 230
364 229
365 229
366 229
367 230
368 230
369 231
370 231
371 230
372 230
373 231
374 231
374 232
375 233
376 234
377 234
378 234
379 233
380 233
381 233
382 233
383 233
384 232
385 232
386 231
387 230
388 229
389 229
390 230
391 231
392 231
393 231
394 231
395 231
396 232
397 233
398 234
399 234
400 234
401 234
402 234
403 234
404 234
405 234
406 234
407 234
408 234
409 234
410 234
411 234
412 234
413 234
414 234
415 234
416 233
417 233
418 234
419 234
420 234
421 234
422 235
423 234
424 234
425 233
426 232
427 232
428 233
429 234
430 234
431 234
432 235
432 236
432 237
432 238
431 238
430 238
429 238
428 238
427 238
426 238
425 238
424 238
423 237
422 238
421 237
420 237
419 237
418 238
417 238
416 238
415 239
414 238
413 238
412 239
411 239
410 238
409 238
408 239
407 239
406 239
405 239
404 239
403 238
402 239
401 239
400 239
399 240
398 241
398 242
398 243
398 244
398 245
398 246
398 247
397 248
396 249
396 250
396 251
396 252
396 253
396 254
396 255
395 256
395 257
395 258
395 259
395 260
394 261
393 261
392 260
391 260
390 259
389 260
389 259
389 258
389 257
389 256
389 255
389 254
389 253
389 252
390 251
390 250
391 249
392 248
391 247
391 246
390 245
389 244
388 245
387 245
386 246
385 245
384 246
383 247
382 247
381 248
380 248
379 248
378 248
377 248
376 248
375 248
374 249
373 249
372 249
371 249
370 249
369 250
368 250
367 251
366 251
365 251
364 251
363 250
362 250
361 251
360 251
359 251
358 251
357 251
356 252
356 251
355 250
355 249
355 248
