363 523
364 523
365 523
366 524
367 524
368 523
369 523
369 524
370 525
371 525
372 524
373 523
374 524
375 524
376 523
377 524
378 524
379 524
380 525
381 525
382 525
383 525
384 525
385 525
386 525
387 524
388 524
389 524
390 523
390 522
391 521
392 520
393 519
393 518
393 517
393 516
392 515
392 514
392 513
392 512
392 511
392 510
391 509
391 508
390 507
390 506
391 505
391 504
391 503
390 502
389 501
390 500
389 499
389 498
389 497
388 496
387 495
387 494
388 493
388 492
389 491
389 490
389 489
390 488
391 487
392 487
393 486
394 487
395 488
396 488
397 488
398 487
399 486
400 487
401 488
402 489
403 490
404 490
405 490
405 491
406 492
406 493
407 494
407 495
408 496
407 497
407 498
406 499
405 500
404 500
403 500
402 499
401 498
400 497
399 496
398 495
397 495
396 496
396 497
396 498
395 499
396 500
397 500
397 501
397 502
397 503
397 504
398 505
398 506
398 507
398 508
398 509
398 510
398 511
398 512
398 513
398 514
398 515
398 516
398 517
398 518
399 519
399 520
399 521
399 522
399 523
399 524
399 525
399 526
399 527
399 528
400 529
400 530
401 531
402 532
403 532
404 531
405 531
406 532
407 532
408 532
409 531
410 532
411 533
412 534
413 533
414 533
415 533
416 533
417 534
417 535
418 536
419 537
419 538
418 539
418 540
417 540
416 540
415 539
414 539
413 539
412 539
411 539
410 539
409 539
408 539
407 539
406 539
405 538
404 538
403 538
402 539
401 539
400 540
399 541
399 542
399 543
399 544
399 545
399 546
399 547
399 548
399 549
399 550
399 551
399 552
399 553
399 554
399 555
398 556
397 556
396 555
395 555
394 555
393 556
393 555
393 554
393 553
393 552
393 551
392 550
392 549
393 548
393 547
393 546
394 545
394 544
394 543
394 542
393 541
392 540
391 540
390 541
390 540
390 539
390 538
389 537
388 536
387 535
386 534
385 533
384 533
383 533
382 533
381 533
380 533
379 533
378 533
377 533
376 534
375 535
374 536
373 536
372 536
371 537
370 538
370 539
370 540
369 539
368 539
367 539
366 538
365 538
365 537
364 536
364 535
364 534
365 534
366 533
366 532
366 531
366 530
365 529
364 529
363 528
363 527
363 526
363 525
363 524
